10

78.140000	-47.210000	72.980000	-5.420000	-66.250000	656.780000	-78.210000	72.890000	-78.430000	38.390000	
-3.770000	54.820000	50.620000	-94.150000	-6.120000	19.050000	59.120000	88.900000	-23.750000	-546.100000	
-82.590000	87.260000	-37.070000	-37.190000	31.370000	93.840000	97.890000	3.120000	-645.610000	81.200000	
17.880000	-23.130000	93.790000	-75.430000	-598.390000	-1.880000	-8.140000	-17.760000	-93.830000	-90.850000	
4.310000	89.700000	493.600000	-7.920000	70.800000	18.340000	28.030000	-28.070000	44.110000	38.000000	
8.720000	96.990000	14.190000	27.120000	-59.970000	86.600000	-668.000000	95.340000	68.930000	73.020000	
341.000000	-1.010000	19.360000	-2.500000	32.340000	-39.320000	87.490000	20.200000	-74.030000	-25.070000	
-57.820000	-579.250000	-85.800000	-61.000000	12.030000	-59.910000	4.560000	-7.920000	4.670000	-93.960000	
-31.710000	31.950000	12.850000	-63.440000	-31.090000	-95.430000	17.680000	-403.310000	36.050000	23.810000	
-99.920000	-92.810000	18.580000	-684.140000	-63.380000	-46.660000	-23.420000	-99.100000	61.160000	-67.610000	

84.260000
-38.180000
2.370000
-5.840000
31.950000
-53.660000
65.470000
-93.170000
-53.070000
72.760000
